"samples"	"is.in_sample_prep_sheet"	"ROW_TOTALS"	"total"	"contam"	"prop_c"	"PlotNum"	"PlotCond"	"SubPlot"	"LeafPos"	"sample_mass"	"herb.dmg"	"LeafCFU"	"logLeafCFU"	"stem.tx"	"Sphingomonas1"	"Pseudomonas1"	"Acetobacteraceae1"	"Pseudomonas2"	"Pseudomonas3"	"Massilia1"	"Massilia2"	"Sphingomonas2"	"Xanthomonas"	"Pseudomonas5"	"Duganella1"	"Microbacteriaceae2"	"Microbacteriaceae1"	"Geobacillus"	"Clavibacter"	"Pseudomonas6"	"Massilia3"	"Pedobacter1"	"Acetobacteraceae2"	"Anoxybacillus"	"Rhizobium1"	"Pseudaminobacter"	"Hyphomicrobium"	"Chryseobacterium1"	"Chryseobacterium2"	"Pedobacter2"	"Methylobacterium1"	"Microbacteriaceae3"	"Sphingomonas5"	"Aureimonas"	"Sphingomonadaceae"	"Polaromonas"	"Janthinobacterium"	"Acinetobacter"	"Neorhizobium"	"Pseudomonas13"	"Methylobacterium2"	"Rhodococcus"	"Escherichia"	"Chryseobacterium3"	"Flavobacterium"	"Hymenobacter1"	"Pedobacter3"	"Sphingomonas9"	"Pseudomonas24"	"Massilia5"	"Arthrobacter"	"Comamonas"	"Pseudomonas26"	"Brevundimonas"	"Hymenobacter3"	"Duganella2"	"Rhizobium3"	"Staphylococcus"	"Devosia"	"Pseudomonas30"	"Pedobacter4"	"Lactococcus"	"Enterococcus"	"Sanguibacter"	"Ramlibacter1"	"Pedobacter5"	"Hymenobacter4"	"Epilithonimonas"	"Ramlibacter2"	"Paenibacillus"	"Cloacibacterium"	"Pseudomonas37"	"Sphingomonas24"	"Methylobacterium4"	"ROW_TOTALS_1perc"
"1"	"EL12_087"	1	63	5810	5747	0.978545888	4	"SA"	"C1"	NA	0.01529	1	0	0	"MC"	28	3	0	0	0	0	0	0	0	0	0	0	0	0	0	1	0	0	0	0	0	0	12	0	0	0	0	0	0	0	0	0	0	0	0	0	0	0	0	0	0	0	0	0	0	0	0	2	0	0	0	0	0	0	0	0	0	8	0	0	0	0	0	0	0	0	0	0	0	5	59
"2"	"EL12_142"	1	90	6536	6446	0.973568947	15	"SA"	"A1"	NA	0.02249	1	0	0	"MC"	6	1	1	0	0	0	0	0	0	0	1	8	0	0	2	0	0	0	0	0	0	0	1	0	0	0	0	0	0	0	0	0	0	0	0	0	0	0	0	0	0	0	0	0	0	0	0	4	0	0	0	0	0	22	0	0	0	0	0	0	0	0	0	0	0	0	5	0	0	0	51
"3"	"EL12_140"	1	3144	7470	4326	0.563795126	15	"SA"	"C1"	NA	0.04723	0	0	0	"SATX"	116	422	0	0	832	113	328	0	0	767	1	0	0	0	507	0	0	0	0	1	0	0	0	0	0	0	0	1	0	0	0	0	0	0	0	3	0	0	0	0	0	0	0	1	4	1	0	8	6	0	0	0	0	0	0	3	0	2	0	0	0	0	0	0	0	0	0	0	0	5	3121
"4"	"EL12_045"	1	477	7351	6874	0.916655554	31	"SA"	"D1"	11	0.04049	0	0	0	"SATX"	4	8	0	0	0	5	0	0	0	12	0	0	0	0	0	0	0	0	1	0	0	0	400	0	0	0	0	0	0	0	0	0	0	0	0	0	0	0	13	0	0	0	0	0	0	0	0	4	0	0	0	0	0	3	0	0	0	23	0	0	0	0	0	0	3	0	0	0	0	1	477
"5"	"EL12_116"	1	902	16031	15129	0.938465356	7	"M"	"D1"	10	0.03723	1	0	0	"MC"	86	14	0	0	494	0	43	1	0	0	0	21	2	0	0	0	0	0	0	0	0	0	12	0	0	0	0	0	0	0	0	0	0	0	0	0	0	0	0	0	0	0	0	1	0	0	0	0	0	0	0	0	0	0	0	0	0	5	0	0	0	0	3	0	0	0	3	0	0	4	689
"6"	"EL12_240"	1	155	7959	7804	0.978312649	4	"SA"	"A1"	9	0.02973	1	0	0	"SATX"	81	0	0	0	0	0	5	9	0	0	0	4	2	0	0	0	0	0	0	0	0	0	0	0	0	0	1	0	0	1	0	0	0	0	0	0	0	0	0	0	0	0	0	0	0	0	0	0	0	0	0	0	0	0	0	0	0	8	0	0	0	0	0	1	0	0	0	0	0	0	112
"7"	"EL12_138"	1	307	7853	7546	0.955552742	12	"SA"	"B1"	9	0.05261	1	0	0	"SATX"	78	169	0	2	0	0	0	4	0	0	0	0	1	0	0	0	2	0	0	0	0	0	0	0	0	0	0	0	0	0	0	0	0	0	0	0	0	0	1	0	0	0	0	0	0	0	0	19	0	0	0	0	0	14	0	0	0	1	0	0	0	0	0	0	0	0	5	0	0	1	297
"8"	"EL12_049"	1	38	4548	4510	0.986439195	14	"JA"	"C1"	9	0.03047	0	0	0	"JATX"	0	0	0	0	0	0	0	0	0	0	0	0	0	0	0	0	0	0	0	0	0	0	6	11	0	0	0	0	0	0	0	0	0	0	0	0	0	0	7	0	0	0	0	0	0	0	0	2	0	0	0	0	0	0	0	0	0	0	0	0	0	0	0	0	0	0	0	0	0	6	32
"9"	"EL12_086"	1	2042	12037	9995	0.820203512	10	"M"	"C3"	NA	0.02838	1	NA	NA	"MC"	420	1360	0	0	0	0	0	0	0	0	0	0	0	0	0	0	0	0	0	0	0	0	40	0	0	0	0	0	0	0	0	0	0	0	0	0	0	0	0	0	0	0	0	0	0	0	0	3	7	0	0	0	0	142	0	0	0	11	0	0	0	0	0	0	0	0	0	0	0	19	2002
"10"	"EL12_206"	1	116	9436	9320	0.984056594	18	"M"	"D1"	9	0.02416	1	0	0	"MC"	79	14	0	0	0	2	3	0	0	0	0	0	0	1	0	0	0	0	0	0	0	0	0	0	0	0	0	0	0	0	0	0	0	0	0	0	0	0	0	0	0	0	0	0	0	0	0	2	0	0	0	0	0	3	0	0	0	5	0	0	0	0	0	0	0	0	0	0	0	0	109
"11"	"EL12_102"	1	239	13152	12913	0.977147181	11	"M"	"A1"	8	0.02415	0	0	0	"MC"	12	10	0	0	153	9	0	0	0	0	5	0	0	0	2	0	0	0	0	0	0	0	4	0	0	0	0	0	0	0	0	0	0	0	0	0	0	1	1	0	0	0	0	0	0	0	0	0	0	9	0	0	0	2	0	0	0	0	0	0	0	0	0	0	0	0	0	0	0	27	235
"12"	"EL12_047"	1	580	6003	5423	0.880357143	14	"JA"	"D1"	8	0.0465	0	0	0	"MC"	15	0	0	0	0	0	0	0	0	0	0	0	0	0	0	0	0	0	0	0	0	0	506	0	0	0	0	0	0	0	0	0	0	0	0	0	0	0	31	0	0	0	0	0	0	0	0	17	0	0	0	0	0	0	0	0	0	0	0	0	0	0	0	0	9	0	2	0	0	0	580
"13"	"EL12_054"	1	225	7228	7003	0.941389972	14	"JA"	"D1"	8	0.03244	0	0	0	"JATX"	5	4	0	5	0	0	0	0	0	1	0	0	0	0	0	0	0	0	0	0	0	0	87	0	0	0	0	3	0	0	0	0	0	0	0	0	0	0	0	0	0	0	17	0	0	0	0	32	0	0	10	0	0	6	0	0	0	1	0	0	0	0	0	0	0	5	0	0	0	21	197
"14"	"EL12_176"	1	3472	10666	7194	0.645665051	20	"SA"	"B1"	8	0.02617	0	0	0	"SATX"	31	17	0	3	0	47	10	1	0	0	0	7	19	0	1	0	1	0	0	0	10	0	11	0	0	0	6	8	0	0	0	0	0	0	0	0	10	2	0	3	0	0	0	0	0	2	0	16	1	0	0	0	0	8	0	0	0	0	0	0	0	0	0	0	1	0	4	0	0	0	219
"15"	"EL12_067"	1	331	7482	7151	0.945774368	35	"JA"	"D1"	8	0.03561	0	0	0	"MC"	0	7	0	0	0	0	14	3	0	0	0	0	0	0	0	0	0	0	0	0	0	0	235	0	0	0	0	0	0	0	0	0	0	0	0	0	0	0	23	0	0	0	0	0	0	0	0	1	0	0	0	1	0	0	0	0	0	0	0	0	0	0	0	0	5	0	0	0	0	42	331
"16"	"EL12_144"	1	507	12010	11503	0.943332787	13	"M"	"B1"	NA	0.0358	0	NA	NA	"MC"	1	115	0	9	74	0	0	145	0	25	0	0	0	0	0	0	0	0	0	0	0	0	6	0	0	0	0	0	0	0	0	0	1	0	0	0	0	0	4	0	0	0	0	0	0	0	0	71	0	0	0	0	0	3	0	2	0	27	0	0	0	0	0	0	0	0	16	0	0	0	499
"17"	"EL12_096"	1	563	10711	10148	0.89980493	10	"M"	"A1"	7	0.04148	1	0	0	"MC"	3	45	0	0	1	0	0	0	0	0	0	0	1	0	0	1	0	0	0	0	0	0	0	0	0	0	0	0	0	0	0	0	0	0	0	0	0	0	4	1	0	0	0	0	0	0	0	0	0	0	0	0	0	0	0	0	0	3	0	0	0	0	0	0	283	175	0	0	0	16	533
"18"	"EL12_042"	1	201	5813	5612	0.953448862	31	"SA"	"B1"	7	0.0413	0	0	0	"MC"	0	1	0	0	0	0	0	0	0	6	0	0	0	0	0	0	0	0	0	0	0	0	152	0	0	0	0	0	0	0	0	0	0	0	0	0	0	0	20	0	0	0	0	0	0	0	0	17	0	0	0	0	0	0	0	0	0	3	0	0	0	0	0	0	0	0	0	0	0	0	199
"19"	"EL12_130"	1	142	10040	9898	0.982821964	16	"JA"	"D1"	6	0.03641	1	0	0	"JATX"	21	14	0	1	0	20	0	0	0	0	3	0	0	0	0	0	0	0	0	0	0	0	0	0	0	0	0	0	0	0	0	0	0	0	0	0	0	0	5	0	0	0	0	0	0	0	0	12	0	0	0	0	0	0	0	0	0	14	0	0	0	0	0	0	1	0	13	0	0	13	117
"20"	"EL12_113"	1	2182	7067	4885	0.679415855	15	"SA"	"B1"	NA	0.03552	0	NA	NA	"MC"	0	26	0	1	29	0	0	0	0	0	0	331	0	0	1766	0	0	0	0	0	0	0	0	0	0	0	0	1	0	0	0	0	0	0	0	0	0	0	2	0	0	0	0	0	0	0	0	0	0	0	0	0	0	0	0	1	0	2	0	0	0	0	0	0	9	0	8	0	0	4	2180
"21"	"EL12_080"	1	716	6595	5879	0.87264361	4	"SA"	"A1"	5	0.01696	1	0	0	"MC"	0	1	0	0	0	0	0	0	0	0	0	0	0	0	0	0	0	0	0	0	0	0	539	0	0	0	0	0	0	0	0	0	0	0	0	0	0	0	6	0	0	0	0	0	0	0	0	33	0	0	0	0	0	0	0	0	0	0	0	0	0	0	0	0	0	15	51	0	0	26	671
"22"	"EL12_063"	1	7632	9838	2206	0.210335622	35	"JA"	"B1"	4	0.0302	1	0	0	"MC"	1393	262	0	26	0	0	0	2	0	108	0	374	3237	0	70	216	1	0	0	0	0	0	0	0	0	0	0	155	0	0	0	0	0	0	0	0	3	3	0	0	0	0	0	12	0	0	0	0	2	0	0	0	0	0	0	0	0	0	0	177	0	0	0	0	0	0	0	2	0	0	6043
"23"	"EL12_059"	1	145	10977	10832	0.984548264	36	"M"	"D1"	4	0.03897	1	0	0	"MC"	8	2	0	0	0	1	0	2	0	0	119	0	0	0	0	0	0	0	0	0	0	1	7	1	0	0	0	1	0	0	0	0	0	1	0	0	0	0	0	0	0	0	0	0	0	0	0	0	0	0	0	0	0	0	0	0	0	0	0	0	0	0	0	0	0	2	0	0	0	0	145
"24"	"EL12_046"	1	415	6162	5747	0.911354266	31	"SA"	"C1"	3	0.03689	0	0	0	"SATX"	0	1	0	0	0	0	0	0	0	14	0	0	0	0	0	0	0	0	0	0	0	0	290	0	0	0	0	0	0	0	0	0	0	0	0	0	0	0	68	0	0	0	0	0	0	0	0	21	0	0	0	0	0	13	0	0	0	1	0	0	0	0	0	0	0	0	5	0	0	0	413
"25"	"EL12_081"	1	2201	4821	2620	0.543	10	"M"	"D1"	4	0.03761	1	1786.187699	3.251927094	"MC"	1	29	0	5	0	57	0	0	0	0	0	0	0	0	0	0	0	0	0	0	0	1183	1	0	0	0	0	0	0	0	0	0	0	0	0	0	0	0	1	0	0	0	0	0	0	0	0	0	0	0	0	0	0	0	0	0	0	0	0	0	0	0	0	0	308	534	0	0	0	1	2120
"26"	"EL12_008"	0	5376	9849	4473	0.454	2	"JA"	"A1"	3	NA	0	271647.3073	5.434005404	"JATX"	1	5064	0	0	239	0	0	0	0	0	0	0	0	0	0	1	0	0	0	0	0	0	3	0	0	0	0	0	0	0	0	0	0	0	0	15	0	0	0	0	0	0	0	0	0	0	0	10	32	0	0	0	0	0	0	2	0	3	0	0	0	0	0	0	0	0	0	0	0	0	5370
"27"	"EL12_003"	0	9261	11145	1884	0.169	2	"JA"	"C1"	5	NA	1	6614.917314	3.82052442	"MC"	0	8843	0	1	273	1	0	0	0	0	0	0	0	0	0	0	0	0	0	0	0	0	13	0	0	0	0	0	0	0	0	0	0	0	0	61	0	0	0	0	0	0	0	0	0	0	0	1	27	0	0	0	0	0	0	1	0	0	0	0	0	0	0	0	2	0	0	0	0	0	9223
"28"	"EL12_225"	1	3738	17332	13594	0.767545593	39	"JA"	"A1"	14	0.01133	1	NA	NA	"MC"	1394	1195	0	0	10	115	44	93	0	5	161	177	78	0	0	0	0	1	0	1	0	0	0	0	0	0	100	0	46	20	0	1	0	0	0	0	0	12	0	0	0	0	0	5	0	0	0	0	13	0	5	36	64	1	1	0	0	0	0	0	0	8	3	0	39	47	0	6	0	1	3682
"29"	"EL12_223"	1	826	8698	7872	0.886885985	40	"JA"	"D1"	14	0.01673	1	NA	NA	"JATX"	713	4	0	0	0	36	1	3	0	1	0	10	1	0	1	10	1	0	0	0	0	0	0	0	0	0	0	0	0	0	0	0	0	0	0	0	0	0	1	0	0	0	0	0	0	0	0	23	0	0	0	0	0	11	0	0	0	0	0	0	0	0	0	0	9	0	0	0	0	0	825
"30"	"EL12_010"	0	75	11954	11879	0.994	2	"JA"	"B1"	6	NA	0	1317.204301	3.11965314	"JATX"	0	63	0	0	1	3	0	0	0	2	0	0	0	0	0	0	0	0	0	0	0	0	0	0	0	0	0	0	0	0	0	0	0	0	0	0	0	0	0	0	0	0	0	0	0	0	0	2	1	0	0	0	0	1	0	0	0	2	0	0	0	0	0	0	0	0	0	0	0	0	75
"31"	"EL12_195"	1	10139	11772	1633	0.13020252	24	"SA"	"B1"	13	0.02116	1	NA	NA	"MC"	5703	713	0	0	63	225	1149	206	1	0	5	111	5	1	1	0	169	40	0	0	0	0	0	0	0	0	3	0	160	7	316	25	0	0	0	1	0	5	0	0	0	1	0	34	0	23	3	3	22	0	22	0	0	0	0	0	0	0	0	0	0	2	0	0	1	0	3	20	5	0	9048
"32"	"EL12_233"	1	7851	8263	412	0.045125958	24	"SA"	"C1"	13	0.02239	1	NA	NA	"SATX"	2096	1982	0	0	0	157	473	1	0	0	2765	31	43	0	0	1	11	0	0	0	0	0	0	0	0	0	0	1	0	11	1	30	0	0	0	0	0	0	0	0	0	0	0	51	0	10	0	0	77	3	0	0	0	0	0	0	0	0	0	0	1	0	0	0	0	0	0	6	0	0	7751
"33"	"EL12_230"	1	3161	5826	2665	0.442838152	40	"JA"	"D1"	13	0.03642	1	NA	NA	"MC"	99	124	0	0	37	0	6	2	0	0	0	1	0	0	2834	0	0	0	0	2	0	0	0	0	0	0	0	0	0	0	0	0	0	0	0	0	0	0	2	0	0	0	0	0	0	0	0	0	0	0	0	0	0	2	0	0	0	0	0	0	0	0	0	0	15	31	0	0	0	0	3155
"34"	"EL12_011"	0	516	12194	11678	0.958	2	"JA"	"D1"	11	NA	0	28082.01732	4.448428303	"MC"	21	451	0	0	7	0	0	0	1	1	0	0	0	0	0	0	0	0	0	0	0	1	14	0	0	0	0	0	0	0	0	0	0	0	0	0	0	0	0	0	0	0	0	0	0	0	0	0	1	0	0	0	0	0	0	0	0	1	0	0	0	0	0	0	0	0	0	0	0	0	498
"35"	"EL12_085"	1	33	23643	23610	0.998224252	10	"M"	"D1"	12	0.04837	1	NA	NA	"MC"	8	7	0	0	3	2	7	0	0	0	0	0	0	0	0	0	0	0	0	0	0	0	0	0	0	0	0	0	0	0	0	0	0	0	0	0	0	0	0	0	0	0	0	0	0	0	1	0	0	0	0	0	0	1	0	0	0	0	0	0	0	0	0	0	0	0	0	0	0	0	29
"36"	"EL12_237"	1	1162	5311	4149	0.781	40	"JA"	"B1"	11	0.06327	0	63917.87659	4.805622339	"MC"	184	228	0	0	10	416	56	0	0	0	23	2	0	0	0	0	0	0	0	0	0	0	0	0	0	0	0	0	0	0	0	0	0	0	0	0	0	0	0	0	0	0	0	0	0	0	0	6	1	0	43	0	0	0	0	0	0	0	0	0	0	0	0	0	0	0	0	0	0	0	969
"37"	"EL12_052"	1	5707	5743	36	0.006	26	"JA"	"C1"	8	0.03582	1	8626760.563	6.935847744	"MC"	66	5607	0	0	6	0	2	0	0	0	0	2	0	0	0	0	0	0	0	0	0	0	0	0	0	0	0	0	0	0	0	0	0	0	0	0	0	0	0	0	0	1	0	4	0	0	0	0	19	0	0	0	0	0	0	0	0	0	0	0	0	0	0	0	0	0	0	0	0	0	5707
"38"	"EL12_041"	1	1213	6161	4948	0.803	31	"SA"	"C1"	11	0.04253	0	1833.832335	3.263359626	"MC"	191	159	0	0	36	0	0	68	0	0	4	35	3	0	0	0	0	0	0	0	0	0	114	0	0	0	11	0	132	0	0	0	0	0	0	0	0	0	34	0	0	0	0	0	0	0	3	30	0	0	0	0	0	0	0	0	0	0	0	0	0	0	3	0	0	0	354	1	0	0	1178
"39"	"EL12_229"	1	5559	7176	1617	0.213662791	39	"JA"	"C1"	12	0.06225	1	NA	NA	"JATX"	1721	2326	0	0	44	852	324	13	0	0	0	10	4	0	0	0	0	0	0	0	0	0	0	0	0	0	2	0	1	2	0	4	0	0	0	4	0	0	2	0	0	0	0	24	0	17	0	1	47	0	0	0	3	1	0	0	0	0	0	0	4	0	3	0	1	4	0	5	0	0	5419
"40"	"EL12_222"	1	645	6267	5622	0.897	18	"M"	"B1"	10	0.03321	1	36795.99499	4.565800551	"MC"	6	0	0	0	12	534	0	0	0	0	0	4	0	0	0	0	0	0	0	2	0	0	0	0	0	0	0	0	0	0	0	0	0	0	0	0	0	0	0	0	0	0	0	0	0	0	0	1	0	0	0	0	0	0	0	0	0	0	0	0	0	0	0	0	16	20	0	0	0	0	595
"41"	"EL12_150"	1	66	6494	6428	0.99	9	"SA"	"A1"	13	0.04364	0	4275.397337	3.630976482	"SATX"	6	4	0	0	0	0	0	0	0	0	0	0	0	0	1	0	0	3	0	0	0	0	0	0	0	0	0	0	0	0	0	0	0	0	0	0	0	0	0	0	0	0	0	0	0	0	0	6	0	0	0	0	0	1	0	0	0	6	0	0	0	0	0	0	0	0	0	0	0	10	37
"42"	"EL12_099"	1	1555	12027	10472	0.856815578	11	"M"	"C1"	11	0.03529	1	NA	NA	"MC"	15	1	0	0	73	562	0	0	0	0	0	0	0	0	0	0	1	0	0	0	0	0	4	0	0	1	0	0	0	0	0	0	0	0	0	0	0	0	0	0	0	0	0	0	0	0	0	0	0	0	0	0	0	4	0	0	0	17	0	0	0	0	0	0	0	0	0	0	0	4	682
"43"	"EL12_091"	1	2403	6698	4295	0.641	9	"SA"	"A1"	5	0.03317	0	85566.92658	4.932305933	"MC"	854	5	0	0	381	5	788	0	0	0	33	24	0	0	10	0	0	0	0	0	0	0	0	0	0	0	0	0	0	0	0	5	0	0	0	0	0	22	0	0	0	0	0	2	0	4	0	3	0	0	0	0	0	0	0	1	0	0	0	0	0	0	0	0	0	0	0	0	0	20	2157
"44"	"EL12_125"	1	6173	6752	579	0.086	16	"JA"	"C1"	5	0.04107	1	30625	4.486076097	"MC"	2718	2144	0	0	17	303	0	5	0	0	192	4	10	0	0	0	662	0	0	0	0	0	0	0	0	0	1	0	1	1	0	0	0	0	0	1	3	0	0	0	0	0	2	25	0	0	0	1	44	5	0	2	0	0	2	0	0	0	0	0	4	2	0	0	0	0	0	17	0	0	6166
"45"	"EL12_136"	1	1936	6793	4857	0.715	12	"SA"	"D1"	5	0.04913	1	7777.029627	3.890813753	"SATX"	704	665	0	4	32	5	245	0	0	0	1	73	0	0	0	0	3	0	0	0	0	0	2	0	1	0	0	0	0	0	2	0	0	0	0	0	0	0	0	0	0	0	0	1	0	3	0	0	4	0	0	0	0	0	0	0	0	0	0	0	0	0	0	0	0	0	0	2	0	0	1747
"46"	"EL12_040"	1	4279	6853	2574	0.376	26	"JA"	"A1"	12	0.05647	1	265866.4913	5.424663604	"JATX"	2164	95	0	0	396	157	0	72	0	241	0	75	0	0	0	0	0	0	0	0	0	0	649	0	0	0	0	0	0	0	35	0	0	0	0	0	0	0	13	0	0	0	0	3	0	0	0	12	1	0	0	0	0	16	0	3	0	1	2	0	0	0	0	0	0	0	0	0	0	0	3935
"47"	"EL12_065"	1	335	7210	6875	0.954	35	"JA"	"A1"	5	0.03123	0	1261969.076	6.101048713	"MC"	15	0	0	0	0	0	0	0	0	0	0	7	12	0	0	5	0	0	0	0	0	0	228	0	0	0	0	0	0	0	0	0	0	0	0	0	0	0	46	0	0	0	0	0	0	0	0	6	0	0	0	0	0	0	0	0	0	1	0	0	0	0	0	0	5	2	0	0	0	0	327
"48"	"EL12_178"	1	856	7245	6389	0.882	20	"SA"	"D1"	6	0.04059	0	75.31972455	1.876908723	"SATX"	384	44	0	0	3	3	1	124	0	4	0	1	5	0	0	0	0	1	0	0	0	0	0	0	0	0	0	1	0	0	0	0	0	0	1	0	0	1	0	0	0	0	0	0	0	0	0	6	1	0	6	0	0	0	0	0	0	9	0	0	0	0	0	0	0	0	0	0	0	0	595
"49"	"EL12_111"	1	892	7425	6533	0.88	15	"SA"	"D1"	NA	0.03918	0	9122.340426	3.960106275	"MC"	1	3	0	0	559	2	238	0	0	7	0	0	0	0	0	0	0	0	0	0	0	0	8	0	0	0	0	0	0	21	0	0	0	0	0	0	0	0	2	0	0	0	0	0	0	2	0	3	0	0	0	0	0	0	0	1	0	10	0	0	0	0	0	0	0	0	0	0	0	0	857
"50"	"EL12_112"	1	4242	7462	3220	0.432	15	"SA"	"C1"	NA	0.03228	1	1534662.89	6.186012991	"MC"	1262	348	0	0	1036	59	1129	0	0	0	6	22	0	0	0	0	0	0	0	0	0	0	0	0	0	0	0	0	0	0	0	0	0	0	0	5	0	8	5	0	0	0	0	11	0	6	12	37	1	0	0	2	0	0	0	4	0	20	0	0	0	0	0	0	0	0	0	0	0	21	3994
"51"	"EL12_057"	1	82	7470	7388	0.989	35	"JA"	"B1"	12	0.01597	1	138372.093	5.14104851	"JATX"	7	10	0	0	1	1	15	11	0	4	6	0	0	0	1	0	0	0	0	0	0	0	7	0	0	0	0	0	0	0	0	0	1	0	0	0	0	0	2	0	0	0	0	0	0	0	0	6	0	0	0	0	0	0	0	0	0	0	0	0	0	0	0	0	0	0	0	0	0	0	72
"52"	"EL12_205"	1	550	7518	6968	0.927	18	"M"	"A1"	4	0.02068	1	3926.282051	3.593981495	"MC"	223	6	0	0	0	62	24	1	0	0	171	2	0	0	0	0	0	0	0	0	0	0	0	0	0	0	0	0	0	0	0	0	0	0	0	0	0	0	4	0	0	0	0	0	0	0	0	0	1	0	3	0	0	8	0	0	0	6	0	0	0	0	0	0	0	0	0	0	0	0	511
"53"	"EL12_216"	1	561	7736	7175	0.927	8	"SA"	"D1"	NA	0.01925	1	684904.1534	5.8356298	"SATX"	216	28	0	0	51	45	0	0	0	110	9	0	0	0	0	0	0	0	0	0	0	0	0	0	0	0	0	0	0	0	0	0	0	0	0	0	0	0	0	0	0	0	0	0	0	0	0	7	2	0	0	0	0	4	0	0	0	0	0	0	0	0	0	0	0	0	0	0	0	0	472
"54"	"EL12_221"	1	733	7792	7059	0.906	18	"M"	"C1"	6	0.0272	1	1968.75	3.294190571	"MC"	29	12	0	0	475	59	0	0	0	0	0	0	0	0	0	0	0	0	0	0	0	0	0	0	1	0	0	2	1	0	0	0	0	0	0	0	0	0	0	0	0	0	0	0	0	0	0	2	0	0	0	0	0	0	0	0	0	0	0	0	0	0	0	0	0	0	2	0	0	0	583
"55"	"EL12_044"	1	218	7977	7759	0.973	31	"SA"	"A1"	3	0.02509	1	81198.21542	4.909546484	"MC"	56	10	0	0	0	12	0	1	0	4	0	0	0	0	0	0	0	0	0	0	0	0	120	0	0	0	0	0	0	0	0	1	0	0	0	0	0	0	3	0	0	0	0	0	0	0	0	3	0	0	0	0	0	5	0	0	0	0	0	0	0	0	0	0	0	0	1	0	0	0	216
"56"	"EL12_037"	1	5950	8064	2114	0.262	26	"JA"	"A1"	5	0.04571	1	687780.7268	5.837450002	"MC"	1638	3661	0	0	1	222	100	0	0	9	13	27	0	0	0	0	0	0	0	0	0	2	15	7	4	0	6	0	0	0	0	0	0	0	0	0	0	0	0	4	0	3	0	17	0	3	0	0	28	0	161	0	0	1	0	0	0	0	0	0	0	0	0	0	0	0	0	15	0	0	5937
"57"	"EL12_218"	1	1894	8427	6533	0.775	8	"SA"	"B1"	NA	0.03081	1	712209.3023	5.852607642	"SATX"	371	232	0	0	96	193	0	0	0	0	879	0	0	0	0	0	0	0	0	0	0	0	5	0	0	0	0	0	0	0	0	0	0	0	0	0	0	0	23	0	0	0	0	0	0	0	0	0	1	0	4	0	0	12	0	0	0	19	0	0	0	0	0	0	0	0	0	0	0	0	1835
"58"	"EL12_093"	1	638	8539	7901	0.925	9	"SA"	"C1"	3	0.03557	0	10832.49116	4.034728343	"MC"	139	2	0	1	143	1	0	1	0	0	0	3	0	0	0	0	0	0	0	3	0	0	0	0	0	0	0	0	6	0	0	0	0	0	0	0	0	0	0	0	0	0	0	0	0	0	0	0	0	0	0	0	0	0	0	0	0	15	0	0	0	0	0	0	176	117	1	0	0	1	609
"59"	"EL12_088"	1	6004	11883	5879	0.489386498	7	"M"	"A1"	9	0.0119	1	NA	NA	"MC"	21	60	0	0	1	0	0	0	0	0	0	1378	0	0	0	0	0	0	0	0	0	0	0	0	0	0	0	0	1	0	0	0	0	0	0	0	0	0	0	0	0	0	0	0	0	0	0	0	0	0	0	0	0	0	0	0	0	0	0	0	0	0	0	0	0	0	0	0	0	0	1461
"60"	"EL12_123"	1	1915	8625	6710	0.778	13	"M"	"A1"	NA	0.05818	1	1894.329897	3.277455613	"MC"	52	124	0	0	49	0	0	21	0	0	0	0	0	0	0	0	0	0	0	0	0	0	85	0	0	0	0	0	0	0	0	0	0	0	0	0	0	0	0	0	0	0	0	0	0	0	0	3	0	0	0	0	0	0	0	0	0	1302	0	0	0	0	0	0	0	0	2	0	0	0	1638
"61"	"EL12_051"	1	75	6293	6218	0.974913766	14	"JA"	"A1"	9	0.02878	0	NA	NA	"MC"	1	1	0	0	0	0	0	0	0	0	0	0	0	0	0	0	0	0	0	0	0	0	17	0	0	0	0	0	0	0	0	0	0	0	0	0	0	0	2	0	0	0	0	0	0	0	0	47	0	0	0	0	0	0	0	0	0	2	0	0	0	0	0	0	0	3	0	0	0	0	73
"62"	"EL12_173"	1	4859	8790	3931	0.447	20	"SA"	"B1"	11	0.03868	0	2166.56263	3.335771248	"MC"	2121	48	0	0	17	1286	33	7	0	0	0	13	4	0	0	0	2	2	0	0	2	0	0	0	0	0	2	0	0	0	0	1	0	0	0	0	0	0	0	0	0	58	0	4	0	0	0	2	0	0	547	0	0	0	0	0	0	0	0	0	0	0	68	0	0	3	0	0	0	0	4220
"63"	"EL12_166"	1	430	8879	8449	0.952	17	"JA"	"B1"	3	0.03145	1	6065.979657	3.78290095	"JATX"	200	75	0	0	11	23	1	0	0	0	98	0	0	0	0	0	0	0	0	0	0	0	3	0	0	0	0	0	0	0	0	0	0	0	0	0	0	1	0	0	0	1	0	0	0	0	0	0	2	0	0	0	0	0	0	0	0	5	0	0	0	0	0	0	0	3	0	0	0	2	425
"64"	"EL12_198"	1	11774	13353	1579	0.11297131	23	"M"	"B1"	9	0.05312	1	NA	NA	"MC"	6198	1401	0	0	7	2363	1	230	0	0	0	82	2	0	2	0	10	0	0	0	0	0	0	0	0	0	4	0	20	2	0	20	0	0	0	0	0	3	0	0	0	38	24	50	0	0	5	0	47	0	65	0	0	0	0	0	0	0	0	0	0	0	0	0	14	14	0	18	0	4	10624
"65"	"EL12_196"	1	8699	11936	3237	0.263771186	24	"SA"	"D1"	9	0.04701	1	NA	NA	"SATX"	6792	59	0	1	0	9	0	92	0	0	2	15	0	0	0	0	0	0	0	0	0	0	0	0	0	0	2	0	42	0	0	0	0	0	0	0	0	0	0	0	0	0	0	0	0	0	0	0	0	0	5	0	0	6	0	0	0	3	3	0	0	0	0	0	0	0	0	1	0	0	7032
"66"	"EL12_053"	1	7642	9428	1786	0.182040567	26	"JA"	"D1"	9	0.03151	1	NA	NA	"MC"	2657	4004	0	0	93	19	622	2	0	11	27	5	1	0	0	0	0	0	0	0	0	0	3	0	0	0	0	0	0	0	0	0	0	0	0	15	0	0	1	0	0	0	0	49	0	38	0	0	59	0	0	0	0	0	0	0	0	0	0	0	0	0	0	0	0	0	0	24	0	0	7630
"67"	"EL12_062"	1	686	7194	6508	0.886890161	36	"M"	"D1"	9	0.03692	0	NA	NA	"MC"	426	1	0	0	18	16	0	39	0	1	1	0	0	0	0	0	0	0	0	0	0	0	87	0	0	0	0	6	0	0	0	0	0	0	0	0	0	0	0	0	0	0	0	0	0	0	3	20	0	0	0	0	0	0	0	0	0	10	0	0	0	0	0	0	0	0	43	0	0	15	686
"68"	"EL12_236"	1	10047	11098	1051	0.087473991	39	"JA"	"D1"	9	0.02782	1	NA	NA	"MC"	3503	428	0	1	24	73	4912	143	0	11	103	479	30	0	0	0	27	0	0	0	0	3	0	0	0	0	3	0	2	4	2	21	0	0	0	2	0	0	0	0	0	32	4	76	0	60	0	0	32	0	2	2	1	0	1	0	0	0	0	0	0	5	0	0	0	0	0	5	0	0	9991
"69"	"EL12_228"	1	13212	19254	6042	0.298901751	40	"JA"	"C1"	9	0.04345	1	NA	NA	"MC"	2999	84	0	0	154	4594	1870	3064	1	0	0	9	27	0	2	0	25	0	0	0	0	0	0	0	0	1	2	0	56	4	0	1	0	0	0	0	0	0	1	0	0	0	0	22	0	19	0	0	1	6	5	0	0	0	0	0	0	0	0	0	7	0	0	0	0	0	0	2	0	1	12957
"70"	"EL12_089"	1	901	4790	3889	0.796762958	7	"M"	"C1"	8	0.01493	1	NA	NA	"MC"	693	25	0	0	0	53	0	0	0	0	49	62	0	0	0	0	0	0	0	0	0	2	0	0	0	0	0	0	0	0	0	0	0	0	0	0	0	0	0	0	0	0	0	0	0	0	0	1	0	0	0	0	0	0	0	0	0	4	0	0	0	0	0	0	0	0	0	0	0	2	891
"71"	"EL12_114"	1	1137	9668	8531	0.865037518	7	"M"	"C1"	8	0.03906	1	NA	NA	"MC"	159	10	0	1	102	185	79	7	0	34	0	12	0	0	0	0	0	0	0	0	0	0	3	0	0	0	1	0	0	0	1	0	0	0	0	0	0	0	11	0	0	0	0	0	0	2	0	7	0	0	0	0	0	0	0	0	0	6	0	0	0	0	0	0	0	0	0	0	0	7	627
"72"	"EL12_129"	1	3894	8888	4994	0.562	16	"JA"	"C1"	3	0.03587	1	1635461.373	6.213640291	"JATX"	733	1559	0	0	124	174	325	0	0	0	5	6	13	0	0	0	573	0	0	0	0	0	0	0	0	0	0	0	0	0	1	74	0	0	4	0	0	0	0	0	0	0	0	3	0	4	0	15	24	0	35	0	14	6	0	0	0	21	0	0	0	7	10	0	0	0	0	2	0	7	3739
"73"	"EL12_165"	1	4775	8938	4163	0.466	17	"JA"	"A1"	5	0.03206	1	435.0142045	2.638503438	"JATX"	2902	210	0	0	11	126	950	27	0	0	0	26	0	0	0	0	0	0	0	0	0	0	0	0	0	0	0	0	1	0	5	3	0	0	0	0	0	0	2	0	0	26	0	5	0	5	0	0	3	0	0	0	0	0	0	0	0	0	0	0	163	0	0	0	0	0	12	0	0	11	4488
"74"	"EL12_084"	1	2810	8992	6182	0.688	10	"M"	"A1"	12	0.01986	1	82584.26966	4.916897332	"MC"	268	2099	0	11	0	60	0	0	0	0	299	0	0	0	0	0	0	0	0	0	0	0	0	0	0	0	0	0	2	0	0	12	0	0	0	0	0	0	0	0	0	0	0	0	0	0	0	1	18	0	0	0	0	0	0	0	0	2	0	0	2	0	0	0	0	0	0	1	0	8	2783
"75"	"EL12_141"	1	569	9025	8456	0.937	15	"SA"	"D1"	NA	0.03902	1	12865.01025	4.109410136	"SATX"	65	297	0	0	0	6	16	0	0	0	2	0	0	0	0	0	6	0	0	0	0	0	16	0	0	0	0	0	0	0	0	0	0	0	0	0	0	0	0	0	0	0	0	0	0	0	7	14	0	0	0	0	0	2	0	0	0	2	0	0	0	0	0	0	6	0	2	0	0	6	447
"76"	"EL12_137"	1	5002	5367	365	0.065506102	12	"SA"	"C1"	8	0.03746	1	NA	NA	"SATX"	76	414	0	0	4318	3	11	0	0	2	0	0	0	0	0	0	38	0	0	0	0	0	0	0	0	0	0	0	0	0	1	0	0	0	0	110	0	0	0	0	0	0	0	3	0	2	0	0	2	0	0	0	0	0	0	7	0	0	0	0	0	0	0	0	0	0	0	0	0	0	4987
"77"	"EL12_092"	1	20	9031	9011	0.998	9	"SA"	"D1"	10	0.0278	1	880.9780654	2.944965096	"MC"	0	1	0	1	8	0	0	0	0	0	0	0	0	0	0	0	0	0	0	0	0	0	0	0	0	0	0	0	0	0	0	0	0	0	0	0	0	0	0	0	0	0	0	0	0	0	0	6	0	0	0	0	0	0	0	0	0	2	0	0	0	0	0	0	0	0	0	0	0	2	20
"78"	"EL12_217"	1	8635	9103	468	0.051	8	"SA"	"C1"	NA	0.03946	1	2924.403183	3.466037248	"SATX"	88	8253	0	0	21	1	21	0	0	0	127	3	2	0	0	0	27	0	0	1	0	0	0	0	0	0	0	0	1	0	0	0	0	0	0	3	0	2	1	0	0	0	0	3	0	4	0	0	42	0	0	0	0	3	0	0	0	0	0	0	0	0	0	0	0	0	0	2	0	0	8605
"79"	"EL12_108"	1	2541	9204	6663	0.724	8	"SA"	"C1"	NA	0.03314	1	1516089.109	6.180724728	"MC"	1821	162	0	0	0	473	0	0	0	0	0	0	0	0	0	0	3	0	0	0	0	0	0	0	0	0	0	0	0	2	0	0	0	0	0	0	0	0	0	0	0	0	0	0	0	0	0	20	0	0	0	0	0	0	0	0	0	3	0	0	0	0	0	0	0	0	0	0	0	32	2516
"80"	"EL12_038"	1	9043	9222	179	0.019	26	"JA"	"D1"	4	0.0307	1	344332.9016	5.536978522	"JATX"	863	7704	0	1	6	6	28	33	0	0	42	72	39	0	1	0	0	0	0	0	0	0	4	0	0	0	0	1	0	1	6	0	0	0	0	2	0	1	1	0	0	0	0	21	0	0	81	4	31	0	0	0	0	0	0	0	0	0	0	0	0	0	0	0	0	0	0	7	0	0	8955
"81"	"EL12_131"	1	5507	9333	3826	0.41	16	"JA"	"D1"	5	0.03059	1	77179.93952	4.887504434	"MC"	68	3301	0	0	32	1004	146	0	0	0	140	153	0	0	0	0	199	0	0	0	0	0	0	0	0	0	0	0	0	0	0	1	0	0	0	1	0	2	0	0	0	0	0	2	0	5	0	3	67	0	0	0	0	0	0	0	0	0	0	0	0	0	0	0	0	0	0	0	0	2	5126
"82"	"EL12_203"	1	22422	25238	2816	0.10473463	23	"M"	"A1"	8	0.01339	1	NA	NA	"MC"	14333	148	0	14	158	185	9	985	0	0	2848	414	15	0	4	0	3	5	0	0	0	0	0	0	0	0	180	1	285	21	0	183	0	0	0	0	21	65	0	0	0	542	128	43	0	0	1	8	2	36	560	0	27	0	35	4	0	0	2	0	7	19	14	0	7	0	5	0	13	0	21330
"83"	"EL12_133"	1	2886	9397	6511	0.693	12	"SA"	"C1"	7	0.04339	1	133474.5763	5.125398551	"MC"	149	658	0	0	1088	60	625	0	0	43	11	2	0	0	0	0	156	0	0	0	0	0	0	0	0	1	0	0	0	0	0	0	0	0	0	7	0	4	0	0	0	0	0	2	0	15	0	17	2	0	0	0	0	0	0	0	0	0	0	0	0	0	0	0	0	0	0	0	0	0	2840
"84"	"EL12_174"	1	2873	9464	6591	0.696	20	"SA"	"D1"	8	0.03465	0	2180.025626	3.338461599	"MC"	510	8	0	1	0	631	4	0	0	0	1	27	4	0	0	2	0	0	0	0	0	0	4	0	0	0	0	0	0	0	1	0	0	0	0	0	0	3	0	0	0	0	0	2	0	1	0	0	0	0	1	0	0	13	0	0	0	0	0	0	0	0	0	0	0	0	0	0	0	0	1213
"85"	"EL12_106"	1	647	9480	8833	0.932	11	"M"	"D1"	6	0.02991	1	1729.615249	3.237949506	"MC"	52	13	0	0	422	57	3	0	0	0	0	0	0	0	4	0	0	0	0	0	0	0	4	0	0	0	0	0	0	0	0	0	0	0	0	2	0	0	0	0	0	0	0	0	0	0	0	2	0	0	0	0	0	0	0	3	0	0	0	0	0	0	0	0	0	0	3	0	0	29	594
"86"	"EL12_167"	1	1180	9544	8364	0.876	17	"JA"	"C1"	10	0.04357	1	31805.66483	4.502504478	"JATX"	619	62	0	0	0	1	3	0	0	0	0	0	1	0	2	0	0	0	0	0	0	0	0	0	0	0	4	0	23	0	30	10	0	0	0	0	0	0	0	0	0	30	0	0	0	0	0	17	0	5	10	0	0	0	2	0	0	0	0	0	0	0	34	0	0	0	3	0	0	3	859
"87"	"EL12_149"	1	7397	8781	1384	0.152624614	7	"M"	"D1"	7	0.02919	1	NA	NA	"MC"	832	5521	0	1	0	196	12	0	0	0	0	47	0	0	691	0	2	0	0	0	0	0	0	0	0	0	0	0	0	0	0	0	0	0	0	0	0	0	0	0	0	5	0	8	0	0	0	1	24	0	6	0	0	0	0	0	0	9	0	0	0	0	0	0	0	0	0	0	0	6	7361
"88"	"EL12_043"	1	2375	9796	7421	0.758	31	"SA"	"B1"	11	0.03453	1	447171.3205	5.650473942	"SATX"	203	135	0	1	16	0	2	0	0	1655	0	32	38	0	0	5	0	0	0	0	0	0	7	0	0	0	0	30	0	0	0	0	0	0	0	0	0	0	0	1	0	0	0	7	1	0	0	0	1	0	0	0	0	0	0	3	0	0	0	0	0	0	0	0	0	0	0	0	0	0	2137
"89"	"EL12_061"	1	1927	9924	7997	0.806	36	"M"	"C1"	4	0.04247	1	19773.8794	4.296091881	"MC"	6	266	0	0	29	763	1	8	0	0	1	97	0	1	0	0	2	0	0	0	0	0	95	0	0	0	0	0	10	0	0	1	0	0	0	0	0	0	0	0	0	0	0	0	0	0	2	0	4	0	0	0	0	3	0	0	0	0	0	0	0	0	0	0	2	2	0	0	0	2	1295
"90"	"EL12_156"	1	9326	10047	721	0.072	24	"SA"	"B1"	11	0.05083	1	618759.827	5.791522109	"SATX"	4968	1748	0	0	6	4	390	32	0	0	275	95	1	0	23	0	2	0	0	0	0	0	0	3	19	0	292	2	16	111	5	20	0	0	453	1	84	211	0	0	0	0	6	28	0	11	0	0	22	2	0	0	69	0	14	0	50	1	0	0	7	0	0	327	0	0	0	16	0	0	9314
"91"	"EL12_126"	1	28	10061	10033	0.997	16	"JA"	"B1"	7	0.02944	1	10112.82334	4.00487242	"MC"	8	6	0	0	0	4	0	0	0	0	0	0	1	0	0	0	0	0	0	0	0	0	6	0	0	0	0	0	0	0	0	0	0	0	0	0	0	0	0	0	0	0	0	0	0	0	0	0	0	0	0	0	0	0	0	0	0	0	0	0	0	0	0	0	0	0	0	0	0	0	25
"92"	"EL12_095"	1	34	10212	10178	0.997	9	"SA"	"D1"	10	0.02879	0	22428.42876	4.35079885	"SATX"	0	1	0	0	16	0	0	0	0	0	0	0	0	0	0	0	0	0	0	0	0	0	0	0	0	0	0	0	0	0	0	0	0	0	0	0	0	0	0	0	0	0	0	0	0	0	0	0	0	0	0	0	0	0	0	0	0	0	0	0	0	0	0	0	1	0	0	0	0	5	23
"93"	"EL12_115"	1	9556	10298	742	0.072	8	"SA"	"A1"	NA	0.02638	1	6833888.426	6.834667884	"MC"	2168	5119	0	0	400	953	117	0	0	0	40	10	46	0	0	0	356	0	0	0	0	0	11	0	0	0	0	0	0	2	0	6	0	0	0	33	0	0	6	0	0	0	2	68	0	7	0	0	91	0	0	0	5	0	0	1	0	0	0	0	0	0	0	0	0	0	0	24	0	3	9468
"94"	"EL12_204"	1	9259	10373	1114	0.107	23	"M"	"D1"	2	0.03718	1	11083333.33	7.044670395	"MC"	5768	1412	0	1	292	250	214	10	461	2	17	33	89	0	0	0	99	0	0	0	0	0	0	3	0	0	0	4	8	0	0	14	0	0	0	28	0	13	0	4	0	0	6	60	0	11	0	0	20	2	4	0	0	0	1	4	6	0	0	0	0	6	5	0	0	0	0	23	0	0	8870
"95"	"EL12_177"	1	9801	10579	778	0.074	20	"SA"	"C1"	2	0.05075	1	1457262.747	6.163537863	"SATX"	3360	5318	0	0	14	87	67	54	0	0	8	12	9	0	0	0	1	1	0	0	0	0	0	0	0	0	27	2	44	0	23	5	0	0	1	1	3	13	0	0	0	1	1	73	0	1	0	0	33	0	28	0	0	0	0	0	0	0	0	1	0	0	1	0	0	0	0	39	6	0	9234
"96"	"EL12_132"	1	7933	10749	2816	0.262	12	"SA"	"D1"	1	0.04787	1	746988.3259	5.873313815	"MC"	3786	3418	0	1	223	0	93	29	0	8	0	131	14	0	0	0	19	0	0	0	0	0	0	0	0	0	6	2	9	16	5	7	0	0	0	18	0	18	0	0	0	0	6	39	1	4	0	2	21	0	0	0	5	0	1	0	0	2	0	0	1	0	0	9	0	0	0	26	0	1	7921
"97"	"EL12_064"	1	236	7554	7318	0.962388217	35	"JA"	"C1"	7	0.04388	0	NA	NA	"MC"	0	0	0	0	0	0	0	0	0	8	0	0	0	0	0	0	0	0	0	0	0	0	171	0	0	0	0	0	0	0	0	0	0	0	0	0	0	0	15	0	0	0	0	0	0	0	0	0	0	0	0	0	0	0	0	0	0	24	0	0	0	0	0	0	8	0	0	0	0	10	236
"98"	"EL12_226"	1	20573	22716	2143	0.089759162	40	"JA"	"A1"	7	0.03563	1	NA	NA	"MC"	12794	1678	0	5	17	51	70	1	0	37	80	155	389	0	53	0	0	1404	0	2	0	2077	0	0	10	0	0	206	0	5	1	2	0	0	0	1	2	0	0	0	0	0	0	39	0	2	0	7	13	2	0	0	78	0	0	0	5	0	0	2	0	0	0	0	7	7	2	23	0	0	19227
"99"	"EL12_162"	1	8288	10907	2619	0.24	17	"JA"	"A1"	5	0.04392	1	294.4711538	2.469042758	"MC"	7572	31	0	0	65	342	21	2	0	0	2	6	0	0	0	0	3	0	0	0	0	0	0	0	0	0	0	0	10	41	3	0	0	0	0	0	0	0	1	0	0	0	3	12	0	0	1	1	2	0	16	0	0	0	0	0	0	2	0	0	2	0	1	0	0	0	0	0	0	0	8139
"100"	"EL12_231"	1	9451	10971	1520	0.139	39	"JA"	"B1"	8	0.05559	1	50991.96689	4.707501764	"MC"	4339	217	0	0	72	1806	7	5	0	22	1	273	1996	0	0	0	3	0	0	1	0	0	0	0	0	0	0	5	0	0	0	8	0	0	0	0	0	0	0	0	0	0	0	57	0	0	0	0	7	0	0	0	0	0	0	0	0	0	0	0	0	0	0	0	0	0	0	2	0	0	8821
"101"	"EL12_048"	1	4015	5992	1977	0.302432308	14	"JA"	"B1"	6	0.02425	0	NA	NA	"MC"	1	1	0	0	0	0	0	0	0	0	0	1	0	0	0	0	0	0	0	0	0	2345	1610	0	0	0	0	0	0	0	0	0	0	0	0	0	0	0	37	0	0	0	0	0	0	0	0	2	0	0	0	0	0	0	0	0	0	0	0	0	0	0	0	0	18	0	0	0	0	0	4015
"102"	"EL12_161"	1	10291	11015	724	0.066	17	"JA"	"B1"	4	0.02993	1	784000	5.894316063	"MC"	5695	403	0	18	171	72	1834	33	0	6	0	267	249	0	22	0	587	0	0	0	0	0	0	0	0	0	0	26	16	2	0	2	0	0	0	10	0	0	0	0	0	6	225	72	2	38	0	0	19	16	56	0	6	0	0	6	43	0	0	0	0	1	2	3	0	0	0	7	0	0	9915
"103"	"EL12_134"	1	714	11050	10336	0.935	12	"SA"	"B1"	8	0.05028	1	9907.760814	3.995975514	"MC"	38	480	0	0	61	2	39	0	1	2	1	1	0	0	0	0	6	0	0	0	0	0	20	0	0	0	0	4	0	0	0	0	0	0	0	0	0	1	2	0	1	0	0	0	0	2	0	4	6	0	0	0	0	5	0	0	0	4	0	0	0	0	0	0	0	0	0	0	0	1	681
"104"	"EL12_232"	1	10550	11255	705	0.063	39	"JA"	"D1"	3	0.03707	1	6465277.778	6.810587189	"JATX"	3739	4730	0	5	8	58	299	0	0	104	0	102	715	0	3	0	1	0	0	0	0	0	0	0	0	0	0	1	0	0	0	0	0	0	0	2	0	0	0	0	0	0	0	145	0	36	0	0	56	0	0	0	0	0	0	0	0	0	0	0	0	0	0	0	2	0	0	62	0	0	10068
"105"	"EL12_060"	1	146	8345	8199	0.973984319	36	"M"	"B1"	6	0.03033	1	NA	NA	"MC"	0	0	0	0	0	0	0	0	0	0	0	0	0	0	0	0	0	0	0	0	0	0	45	0	0	0	0	0	0	0	0	0	0	0	0	0	0	0	59	0	0	0	0	0	0	0	0	30	0	0	0	0	0	0	0	0	0	4	0	0	0	0	0	0	2	0	0	0	0	1	141
"106"	"EL12_066"	1	7615	13723	6108	0.437535817	36	"M"	"C1"	6	0.03511	1	NA	NA	"MC"	293	4	0	0	0	13	6	29	0	0	38	6	0	0	0	0	0	0	0	0	0	7072	91	0	0	0	0	3	3	0	0	1	0	0	0	0	0	0	37	0	0	2	0	0	0	0	0	0	0	0	3	0	0	2	0	0	0	0	0	0	0	0	0	0	3	0	0	0	0	3	7609
"107"	"EL12_069"	1	18927	20756	1829	0.082128424	36	"M"	"B1"	6	0.03023	1	NA	NA	"MC"	3618	5587	0	2319	960	19	343	2	0	1	18	338	426	0	27	545	252	0	0	0	0	0	0	588	53	1461	0	119	23	1	0	3	1	0	0	76	0	13	0	2	0	0	0	133	251	42	0	0	16	0	0	0	0	0	2	133	0	0	0	0	0	0	0	79	0	0	0	14	0	0	17465
"108"	"EL12_143"	1	8729	11643	2914	0.25	13	"M"	"C1"	NA	0.04671	0	484195.1862	5.685020467	"MC"	1315	48	0	5	461	571	3779	0	0	0	183	5	17	0	1975	0	10	0	0	0	0	0	0	0	0	0	0	2	15	26	0	1	0	0	0	0	0	0	3	0	0	0	0	11	0	15	59	2	1	0	0	148	0	0	0	3	0	2	0	0	0	0	0	0	0	0	0	0	0	7	8664
"109"	"EL12_179"	1	10446	11960	1514	0.127	20	"SA"	"A1"	2	0.0591	1	147709003.2	8.169406967	"SATX"	1379	2590	0	2	16	78	1185	22	0	149	1	126	2019	0	51	0	3	32	0	0	0	0	0	2	1	0	0	656	1	3	0	16	0	0	277	1	1	21	1	98	0	0	14	25	0	26	0	0	46	1	3	0	5	0	3	0	99	0	10	450	0	0	1	21	0	0	0	10	3	0	9448
"110"	"EL12_050"	1	5682	11984	6302	0.526	14	"JA"	"C1"	7	0.03404	1	192336912.5	8.28406264	"MC"	0	1	0	0	0	0	0	0	0	0	0	535	654	0	4	0	0	0	1	0	0	0	12	0	0	0	0	51	0	0	0	0	0	0	0	0	0	0	2	0	0	0	0	0	0	0	0	0	0	1	0	0	0	2	0	0	0	1	0	0	0	0	0	0	0	0	0	0	0	0	1264
"111"	"EL12_194"	1	10775	12114	1339	0.111	24	"SA"	"A1"	5	0.0371	1	25472369.92	7.406069353	"SATX"	6855	23	0	1	0	7	112	1728	5	0	37	31	3	1	415	0	0	1	0	0	0	0	0	0	0	0	2	0	47	0	9	3	1	0	0	0	1	6	0	0	0	0	0	3	0	0	0	0	0	0	502	0	0	0	0	0	0	0	0	0	0	0	0	1	0	0	0	1	0	0	9795
"112"	"EL12_100"	1	5976	12234	6258	0.512	11	"M"	"A1"	8	0.03343	1	145726.5739	5.163538755	"MC"	264	1729	0	0	3231	197	90	0	3	0	55	48	10	0	0	0	4	12	0	0	0	0	0	0	0	0	0	3	8	0	0	0	0	0	0	29	0	0	0	0	0	0	0	1	0	3	0	1	5	0	4	0	0	0	0	9	0	1	0	0	0	0	0	0	0	0	0	0	0	15	5722
"113"	"EL12_055"	1	11272	12303	1031	0.084	26	"JA"	"C1"	4	0.02848	1	4306102.362	6.634084349	"JATX"	3491	94	0	1040	371	1	28	13	0	1402	7	102	424	0	49	1	10	13	0	2	0	0	0	1367	37	130	0	479	0	0	0	2	0	0	67	6	0	4	0	8	0	0	2	73	88	5	773	0	0	0	0	0	0	0	0	32	214	0	0	58	0	0	0	79	0	0	0	0	0	0	10472
"114"	"EL12_109"	1	556	12327	11771	0.955	13	"M"	"C1"	NA	0.05974	1	62645.51804	4.796890005	"MC"	2	49	0	0	103	1	24	0	1	0	88	0	0	0	194	0	0	0	0	0	0	0	0	0	0	0	0	0	0	4	0	0	0	0	0	0	0	0	0	4	0	0	0	0	0	0	0	0	0	0	0	0	0	19	0	0	0	34	0	0	0	0	0	0	0	0	0	0	0	0	523
"115"	"EL12_039"	1	1144	12442	11298	0.908	31	"SA"	"A1"	7	0.03775	0	15422.66187	4.188159337	"SATX"	1	43	0	1	0	0	0	0	0	16	0	0	0	0	0	0	0	0	0	0	0	0	1018	0	0	0	0	0	0	0	0	0	0	0	0	0	0	0	15	0	0	0	0	0	0	0	0	0	0	0	0	0	0	0	0	0	0	0	0	0	0	0	0	0	50	0	0	0	0	0	1144
"116"	"EL12_075"	1	173	12496	12323	0.986	35	"JA"	"A1"	5	0.04441	1	9404.408123	3.973331468	"JATX"	83	9	0	0	0	0	2	0	0	1	2	0	0	0	0	0	0	0	0	0	0	0	61	0	1	0	0	0	0	0	0	0	1	0	0	0	0	0	3	0	0	0	0	0	0	0	0	0	0	0	0	0	0	0	0	0	0	0	0	0	2	0	0	0	1	1	0	0	0	3	170
"117"	"EL12_119"	1	731	12694	11963	0.942	7	"M"	"B1"	11	0.04758	1	9920.221296	3.99652136	"MC"	169	0	1	0	12	1	1	0	0	14	0	15	0	0	0	0	0	0	0	0	0	0	32	0	0	0	0	0	0	2	0	0	0	0	0	0	0	0	0	0	0	0	0	0	0	0	0	0	0	0	0	0	0	0	0	0	0	27	0	0	0	0	0	0	0	15	0	0	0	0	289
"118"	"EL12_188"	1	1959	8752	6793	0.765408451	18	"M"	"A1"	5	0.02799	1	NA	NA	"MC"	464	1141	0	0	7	112	143	1	0	0	1	2	1	0	0	0	0	0	0	0	0	35	0	0	0	0	0	0	0	0	0	0	0	0	0	0	0	0	0	0	0	0	0	0	0	4	0	3	9	0	0	0	0	0	0	0	0	0	0	0	0	0	0	0	0	0	0	0	0	0	1923
"119"	"EL12_124"	1	84	12719	12635	0.993	16	"JA"	"A1"	NA	0.03129	0	829953.8611	5.91905395	"MC"	26	41	0	0	0	1	0	0	0	0	1	0	0	0	0	0	6	0	0	0	0	0	1	0	0	0	0	0	1	0	0	0	0	0	0	0	0	0	0	0	0	0	0	0	0	0	0	0	0	0	0	0	0	0	0	0	0	0	0	0	4	0	0	0	0	0	0	0	0	0	81
"120"	"EL12_128"	1	43	12820	12777	0.997	16	"JA"	"B1"	5	0.03582	1	63094.29477	4.79999009	"JATX"	27	1	0	0	1	2	0	0	0	0	0	0	0	0	0	0	7	0	0	0	0	0	0	0	0	0	0	0	0	0	0	0	0	0	0	0	0	0	0	0	0	0	0	0	0	0	0	1	0	0	0	0	0	0	0	0	0	0	0	0	0	0	0	0	0	0	0	0	0	0	39
"121"	"EL12_110"	1	1904	12895	10991	0.852	13	"M"	"D1"	NA	0.04491	1	580.0189394	2.763442175	"MC"	11	8	0	0	1303	22	258	0	0	0	0	0	0	0	0	0	0	0	0	0	0	0	0	0	0	0	0	0	0	0	0	0	0	0	0	0	0	0	18	0	0	0	0	0	0	1	0	42	0	2	0	0	0	10	0	4	0	2	0	0	0	0	0	0	0	0	33	0	0	35	1749
"122"	"EL12_097"	1	5329	13034	7705	0.591	10	"M"	"B1"	12	0.04195	0	41932.2474	4.62254814	"MC"	48	5197	0	0	8	3	0	0	0	0	0	0	1	1	0	0	0	0	0	0	0	0	0	0	0	0	0	0	0	0	0	0	0	0	0	0	0	0	0	0	0	0	0	1	0	0	0	0	31	0	0	0	0	0	0	0	0	19	0	0	0	0	0	0	0	0	3	0	0	3	5315
"123"	"EL12_158"	1	7732	13046	5314	0.407	17	"JA"	"D1"	11	0.04466	1	454738.2342	5.657761471	"MC"	6196	555	0	0	111	213	5	4	0	0	9	27	52	0	15	0	0	0	0	0	0	0	0	0	0	0	3	6	63	7	40	45	0	0	0	1	2	6	0	0	0	72	0	14	0	0	0	0	3	1	29	0	0	0	0	0	57	9	0	0	5	8	54	0	0	0	0	7	9	0	7628
"124"	"EL12_127"	1	4720	13178	8458	0.642	16	"JA"	"A1"	3	0.03048	1	14537480.83	7.162489155	"JATX"	2868	771	0	0	2	1	39	0	0	0	0	7	297	0	3	0	174	0	0	0	0	0	0	0	0	0	318	21	31	10	1	107	0	0	0	0	0	0	0	0	2	0	0	28	0	0	0	1	10	0	4	0	0	1	0	0	0	0	0	0	0	0	0	0	0	0	0	8	0	0	4704
"125"	"EL12_068"	1	1216	8497	7281	0.832590051	36	"M"	"A1"	5	0.02601	0	NA	NA	"MC"	248	115	0	0	0	6	0	145	0	0	0	0	0	0	0	0	0	0	0	0	0	0	495	0	0	0	0	0	52	0	4	0	0	0	0	0	0	0	59	0	0	0	0	0	0	0	0	3	0	0	0	0	0	3	0	0	0	9	0	0	0	0	0	0	28	2	1	0	0	22	1192
"126"	"EL12_117"	1	13012	13295	283	0.021	9	"SA"	"B1"	1	0.02806	1	148125.7557	5.170630579	"MC"	330	39	0	0	12195	0	31	9	1	12	2	21	0	0	0	0	1	45	0	0	0	0	9	0	1	0	30	117	6	4	3	0	0	0	5	1	0	3	0	0	0	0	0	31	3	4	0	0	0	0	0	0	0	0	4	34	0	2	0	0	0	0	0	11	0	0	0	0	0	1	12955
"127"	"EL12_239"	1	10062	16532	6470	0.379183028	40	"JA"	"C1"	5	0.05313	1	NA	NA	"JATX"	808	705	0	163	673	172	202	5	0	622	5	632	1071	0	44	0	3	0	0	0	0	0	0	0	9	0	0	0	22	0	0	1	0	0	0	31	0	0	0	0	0	0	0	15	23	17	0	0	9	2	1	0	0	0	0	10	0	0	0	0	0	0	0	0	0	0	0	3	0	0	5248
"128"	"EL12_193"	1	6555	13489	6934	0.514	24	"SA"	"D1"	4	0.03854	0	1072.535022	3.030411482	"MC"	100	21	0	0	0	1	0	7	0	0	0	5	0	0	0	0	0	0	0	0	0	0	5	0	0	0	1	0	3	1	0	3	0	0	0	0	0	0	0	0	0	0	0	1	0	0	0	2	0	0	3	0	0	0	0	0	0	0	1679	0	0	0	0	0	0	0	0	0	0	0	1832
"129"	"EL12_083"	1	10258	13524	3266	0.241	10	"M"	"B1"	5	0.03347	1	127674.1635	5.106103021	"MC"	1780	4446	0	1	1883	591	53	14	0	31	370	53	0	0	0	0	246	0	0	1	0	0	5	0	0	0	26	0	10	2	3	0	0	0	0	58	0	0	3	0	0	0	0	14	1	3	0	11	42	0	0	0	0	0	0	7	0	3	0	0	26	0	0	0	238	215	3	3	0	2	10144
"130"	"EL12_146"	1	12690	13945	1255	0.09	15	"SA"	"A1"	NA	0.0404	1	2843556.796	6.453861907	"SATX"	91	12464	0	3	1	0	20	0	0	0	10	0	0	0	1	0	0	0	0	0	0	0	1	0	0	0	0	0	0	0	0	1	0	0	0	0	0	0	0	0	0	0	0	6	0	0	0	0	53	0	0	0	0	2	0	0	0	2	0	0	0	0	0	0	0	0	0	1	0	0	12656
"131"	"EL12_175"	1	10153	10892	739	0.061542305	20	"SA"	"C1"	4	0.05333	0	NA	NA	"MC"	1956	477	0	0	2	29	4675	29	0	0	60	386	1660	0	4	1	1	1	0	0	0	0	0	0	0	0	1	3	4	0	5	4	9	0	0	0	0	0	0	0	0	0	3	69	0	65	0	0	42	0	110	0	0	0	0	0	0	0	0	0	0	0	0	4	0	0	0	4	0	0	9604
"132"	"EL12_135"	1	13345	14035	690	0.049	12	"SA"	"A1"	7	0.0233	1	11269649.87	7.051910424	"MC"	561	122	0	11095	3	0	17	0	0	333	0	293	163	0	4	98	2	0	0	0	0	0	0	0	43	0	0	13	0	0	0	0	0	0	0	0	0	0	0	6	0	0	0	43	3	0	0	0	0	0	0	0	0	0	0	0	8	0	0	4	0	0	0	17	0	0	0	0	0	0	12828
"133"	"EL12_197"	1	10410	11021	611	0.052973817	24	"SA"	"A1"	4	0.07258	1	NA	NA	"MC"	8035	228	4	0	97	27	3	2	0	0	20	43	2	0	8	0	23	948	0	0	0	0	0	0	0	0	13	0	19	21	41	13	0	0	0	3	0	29	0	0	0	55	0	8	0	0	0	0	2	1	317	0	0	0	0	0	0	0	40	0	0	0	0	0	5	0	0	7	0	0	10014
"134"	"EL12_164"	1	13744	14177	433	0.031	17	"JA"	"C1"	3	0.04306	1	114530.2548	5.058920227	"MC"	9374	2	0	0	23	1641	1465	20	1	1	8	21	0	0	3	0	3	0	0	0	0	0	1	0	0	0	13	0	123	17	19	3	0	0	0	0	4	0	0	0	0	56	0	66	0	12	0	1	0	0	682	0	0	0	0	0	0	2	0	0	21	3	135	0	1	0	0	1	2	0	13724
"135"	"EL12_157"	1	13157	14249	1092	0.077	24	"SA"	"C1"	15	0.04944	1	1760937.5	6.245743942	"MC"	3564	3752	0	0	14	130	2735	111	0	13	25	45	12	0	1	0	1	418	0	0	0	0	0	0	0	0	24	0	1671	137	63	17	0	0	0	0	0	11	0	0	1	0	2	71	0	101	3	6	124	0	1	0	0	0	0	0	0	0	0	0	0	2	0	1	1	0	0	39	2	0	13098
"136"	"EL12_107"	1	416	14303	13887	0.971	15	"SA"	"B1"	NA	0.05652	0	8185.530441	3.913046828	"SATX"	163	0	0	0	22	0	0	0	0	0	0	0	0	0	0	0	0	0	0	0	0	0	0	0	0	0	0	0	0	0	0	0	0	0	0	0	0	7	44	0	0	0	0	0	0	0	0	22	0	0	0	0	0	0	0	0	0	15	0	0	0	0	0	0	1	0	11	0	0	24	309
"137"	"EL12_238"	1	12551	14373	1822	0.127	39	"JA"	"C1"	3	0.02289	1	2067187.5	6.31537987	"MC"	6712	1206	0	5	3	17	1013	44	0	71	9	270	1138	0	20	10	3	1	0	0	0	0	0	77	9	0	2	38	0	16	2	33	0	0	0	3	0	21	0	15	0	3	62	69	0	34	13	0	42	46	0	1	5	0	1	0	375	0	0	2	1	22	0	31	0	0	0	29	0	0	11474
"138"	"EL12_101"	1	11319	14851	3532	0.238	11	"M"	"B1"	1	0.03586	1	3045570.265	6.483668624	"MC"	4832	4431	0	19	251	25	9	47	114	9	17	295	13	2	12	14	3	0	0	0	9	0	25	0	0	0	148	6	49	83	34	63	0	0	241	0	39	136	8	37	0	0	22	35	2	0	80	0	2	15	10	0	12	4	4	1	93	0	0	0	0	3	0	0	13	0	0	7	9	3	11286
"139"	"EL12_118"	1	9269	15498	6229	0.402	7	"M"	"A1"	1	0.03779	1	7825991.832	6.89353939	"MC"	1142	0	1	0	39	36	1	0	0	36	1	2332	0	0	43	732	0	0	0	0	0	0	8	0	0	0	0	275	1	0	0	0	0	0	0	0	0	0	0	0	0	0	0	5	0	0	22	0	0	0	0	0	1	0	0	2	0	1	0	0	0	0	0	0	0	0	0	0	0	0	4678
"140"	"EL12_103"	1	354	15683	15329	0.977	11	"M"	"D1"	10	0.03154	1	338452.2532	5.52949741	"MC"	39	1	0	0	1	15	0	0	0	1	0	0	0	0	0	0	0	22	0	0	0	0	1	0	0	0	0	0	0	0	0	0	0	0	0	0	0	0	0	0	0	0	0	0	0	0	0	0	0	0	1	0	0	6	0	0	0	5	0	0	0	0	0	0	89	107	3	0	0	6	297
"141"	"EL12_139"	1	13125	15922	2797	0.176	12	"SA"	"A1"	11	0.04253	1	372135.8217	5.570701477	"SATX"	586	9833	0	267	1	0	0	0	0	48	0	647	58	0	5	0	0	0	0	0	0	0	0	0	0	0	0	188	0	0	0	0	0	0	0	0	0	0	0	0	0	0	0	4	0	0	0	0	49	0	0	0	0	0	0	0	0	0	0	0	0	0	0	0	0	0	0	2	0	0	11688
"142"	"EL12_104"	1	2648	16096	13448	0.835	11	"M"	"B1"	1	0.03657	0	478814.8843	5.680167642	"MC"	1514	22	0	0	90	0	1	28	4	0	23	3	1	0	0	0	0	0	0	0	0	0	1	0	1	0	239	0	89	25	24	15	0	0	0	0	117	107	0	0	0	44	0	0	0	0	0	13	0	0	137	0	0	0	0	1	0	21	0	0	0	0	16	0	0	0	0	0	64	0	2600
"143"	"EL12_213"	1	551	16367	15816	0.966	8	"SA"	"A1"	NA	0.02782	0	648.3768525	2.811827502	"SATX"	163	83	0	38	10	62	0	0	0	0	0	0	7	0	0	0	0	0	0	0	0	0	0	0	0	0	0	64	0	0	0	0	0	0	0	0	0	0	0	0	0	0	0	0	0	0	0	0	0	0	0	0	0	0	0	0	0	23	0	0	0	0	0	0	0	0	0	0	0	1	451
"144"	"EL12_215"	1	348	17136	16788	0.98	20	"SA"	"A1"	11	0.0347	1	467.5572519	2.669834797	"MC"	132	84	0	0	0	1	0	0	0	0	0	0	0	0	0	1	0	0	0	2	0	0	0	0	0	0	0	0	0	0	0	0	0	0	0	0	0	0	0	0	0	0	0	0	0	0	0	30	2	0	0	0	0	0	0	0	0	1	0	0	0	0	0	0	0	0	1	0	0	3	257
"145"	"EL12_145"	1	15991	17822	1831	0.103	13	"M"	"D1"	NA	0.04112	1	2992.67101	3.476058977	"MC"	1991	1241	0	2	10093	1	159	12	0	2	2	705	2	0	2	0	3	0	0	0	0	0	0	0	0	0	0	0	2	4	3	2	0	0	0	200	0	227	1	0	0	0	0	77	5	25	0	0	5	0	0	0	0	0	0	27	0	0	0	0	0	0	0	0	0	0	0	3	0	0	14796
"146"	"EL12_190"	1	13067	17991	4924	0.274	23	"M"	"C1"	2	0.04283	1	2237980.769	6.34985635	"MC"	10325	1259	0	0	0	503	0	49	0	0	77	1	2	0	0	0	1	0	1	0	0	0	0	0	0	0	17	0	0	1	0	58	0	0	0	0	3	1	0	0	0	27	0	59	0	0	0	0	25	2	44	0	0	0	0	0	0	5	0	0	0	6	0	0	0	0	2	26	0	1	12495
"147"	"EL12_211"	1	15580	18076	2496	0.138	39	"JA"	"A1"	3	0.02914	1	90548387.1	7.956880719	"JATX"	569	9126	0	41	116	12	722	0	0	470	0	172	1805	0	8	327	5	0	1	0	0	0	0	0	62	0	0	38	0	6	5	42	0	0	0	35	0	0	0	1	0	0	0	32	3	111	0	0	94	0	0	0	0	0	16	1	28	0	0	0	0	0	0	0	0	0	0	11	0	0	13859
"148"	"EL12_082"	1	2627	18260	15633	0.856	10	"M"	"C1"	1	0.04216	1	142959.0249	5.155211577	"MC"	2005	117	0	0	18	112	0	2	0	7	26	23	0	0	0	0	3	0	0	0	0	0	0	0	0	0	124	0	1	33	4	6	0	0	0	0	22	13	0	0	0	0	13	2	0	0	0	1	2	2	10	0	0	0	0	1	0	0	0	0	43	5	1	0	0	0	1	0	2	0	2599
"149"	"EL12_120"	1	4609	18464	13855	0.75	8	"SA"	"D1"	NA	0.03078	1	19473.50543	4.289444136	"MC"	2196	661	0	0	143	1196	1	0	0	0	148	2	0	0	0	0	4	0	0	0	0	0	66	0	0	0	0	0	34	24	0	12	0	0	0	0	0	4	0	0	0	0	0	8	0	0	0	13	9	0	0	0	0	0	0	1	0	4	0	0	0	0	0	0	9	0	0	0	0	11	4546
"150"	"EL12_224"	1	6477	18797	12320	0.655	40	"JA"	"B1"	4	0.03856	1	5335.365854	3.727164205	"JATX"	221	1240	0	9	1494	151	38	0	0	48	15	49	90	0	0	0	70	0	0	4	0	1	1	0	0	0	0	0	0	0	0	0	0	0	0	31	0	0	0	0	0	0	0	7	44	1	0	4	6	3	0	0	0	5	0	57	0	0	0	0	0	0	0	0	41	35	0	0	0	0	3665
"151"	"EL12_070"	1	3419	18855	15436	0.819	36	"M"	"A1"	1	0.03684	1	51243.9454	4.70964256	"MC"	1746	10	0	0	0	992	73	9	0	0	6	8	0	0	1	0	36	0	0	0	1	339	68	8	0	2	3	0	8	6	0	17	0	0	0	0	0	6	2	0	0	6	0	8	0	0	0	0	0	0	12	0	0	0	0	0	0	8	0	0	0	0	0	0	5	0	0	0	0	0	3380
"152"	"EL12_147"	1	16769	19847	3078	0.155	9	"SA"	"B4"	7	0.01989	1	623398576.5	8.794765806	"SATX"	254	127	0	12602	63	1	135	0	0	178	0	196	646	0	5	32	4	1	0	0	0	0	0	0	2	0	0	16	0	0	0	0	0	0	0	0	0	0	0	0	0	0	0	10	32	17	5	0	0	0	0	0	0	0	0	12	0	0	0	151	0	0	0	0	0	0	0	0	0	0	14489
"153"	"EL12_090"	1	5045	6254	1209	0.188435162	7	"M"	"B1"	2	0.01443	1	NA	NA	"MC"	101	62	0	0	165	0	0	5	0	0	0	0	0	0	4479	0	0	0	0	0	0	158	0	0	0	0	0	4	0	0	0	0	0	0	0	0	0	0	0	0	0	0	0	0	0	0	0	11	1	0	0	0	0	0	0	0	0	0	0	0	0	0	0	0	0	0	0	0	0	14	5000
"154"	"EL12_094"	1	17257	18519	1262	0.061563979	9	"SA"	"C1"	2	0.03389	1	NA	NA	"SATX"	1659	156	0	11	35	0	5254	6	0	5581	5	1625	792	0	15	0	0	391	0	0	0	0	0	54	21	0	1	71	219	0	5	0	0	0	0	0	0	0	0	1	0	0	0	61	13	210	1	0	5	0	3	0	0	0	0	1	0	0	0	352	0	0	0	1	0	0	0	0	0	0	16549
"155"	"EL12_105"	1	13575	21577	8002	0.371	11	"M"	"C1"	2	0.05385	1	101396.2161	5.006021748	"MC"	5713	2312	1	0	1870	1337	1800	0	0	0	208	29	0	0	0	0	55	1	0	0	0	0	13	0	0	0	0	1	0	5	0	0	0	0	0	35	0	0	0	0	0	0	0	48	0	28	0	0	38	0	12	0	0	2	0	1	0	9	0	0	5	0	0	0	0	0	0	11	0	1	13535
"156"	"EL12_189"	1	21601	22109	508	0.023	18	"M"	"B1"	3	0.07362	1	14410.50889	4.158679318	"MC"	16148	1118	0	83	26	205	3270	21	0	3	1	42	2	0	0	0	12	0	0	0	0	0	0	0	0	0	0	0	0	0	7	3	0	0	0	4	0	1	0	0	0	0	0	147	0	77	0	0	41	0	0	0	0	0	0	0	0	0	0	0	0	1	0	0	0	0	0	43	0	0	21255
"157"	"EL12_227"	1	21784	22883	1099	0.048	40	"JA"	"A1"	5	0.01719	1	115705128.2	8.063352608	"JATX"	330	16685	0	1	2053	69	729	1	0	12	3	11	48	0	0	0	1	1	0	0	0	0	0	0	0	0	0	0	1	0	0	0	0	0	0	657	0	0	0	0	0	0	0	24	0	128	0	0	150	0	0	0	0	0	0	2	0	0	0	0	0	0	0	0	3	0	0	13	0	0	20922
"158"	"EL12_073"	1	19391	23273	3882	0.167	35	"JA"	"C1"	3	0.03241	1	72112247.92	7.858009034	"JATX"	702	13101	0	614	475	12	1318	5	1	0	36	39	195	0	45	1	0	0	0	0	0	1	2	7	2	0	0	2057	0	0	2	0	0	0	5	109	0	0	0	0	0	0	0	41	39	130	0	0	137	0	0	0	0	0	0	10	0	0	0	2	0	0	0	0	0	0	0	9	0	0	19097
"159"	"EL12_200"	1	22195	24763	2568	0.104	23	"M"	"B1"	8	0.04098	1	10915.22403	4.038032654	"MC"	5844	15055	6	1	20	18	23	14	0	0	5	15	2	0	0	0	1	0	0	0	0	0	0	0	0	0	7	0	0	0	1	2	0	2	0	5	0	52	0	0	0	9	0	126	0	0	0	3	71	0	12	0	0	0	0	0	0	0	0	1	0	9	183	0	0	0	7	43	0	2	21539
"160"	"EL12_199"	1	24079	25066	987	0.039	23	"M"	"C1"	7	0.04324	1	588480.3922	5.769731997	"MC"	1957	21405	0	0	0	95	79	3	0	1	0	4	0	0	0	0	4	0	0	0	0	0	0	0	0	0	0	0	0	0	0	2	1	0	0	0	0	0	0	0	0	0	0	113	0	11	0	0	114	0	1	0	0	0	0	0	0	0	0	0	0	0	2	1	0	0	0	42	0	0	23835
"161"	"EL12_122"	1	23089	25718	2629	0.102	13	"M"	"A1"	NA	0.02529	1	702124.0728	5.846413863	"MC"	8759	2226	0	0	472	1	222	1	0	0	3	1448	0	0	5	0	0	7511	0	0	0	0	38	0	0	0	0	0	0	3	0	0	0	0	974	29	0	85	0	0	1	0	0	51	0	5	0	0	19	0	0	0	0	0	0	0	0	1	0	0	0	0	0	0	6	0	0	18	0	1	21879
"162"	"EL12_121"	1	678	26147	25469	0.974	13	"M"	"B1"	NA	0.05028	1	214667.1506	5.331765592	"MC"	440	3	1	0	20	0	1	0	0	0	0	0	0	0	0	0	0	0	0	0	0	0	43	0	0	0	0	0	0	0	18	2	0	0	0	0	0	0	0	0	0	1	0	0	0	0	0	0	1	0	0	0	0	0	0	0	0	5	0	0	0	0	0	0	0	0	0	0	0	19	554
"163"	"EL12_072"	1	14710	28681	13971	0.487	35	"JA"	"D1"	5	0.03772	1	4537826.087	6.656847847	"JATX"	6097	2222	0	1628	33	0	1205	1	0	472	13	81	566	0	26	213	0	0	0	0	0	0	5	6	4	0	0	304	0	0	0	0	0	0	0	5	0	0	5	0	0	0	0	104	6	68	0	1	34	0	0	0	0	0	0	4	24	0	0	8	0	0	0	0	0	0	0	21	0	0	13156
"164"	"EL12_201"	1	27821	28719	898	0.031	23	"M"	"A1"	8	0.03703	1	46884.56828	4.671029921	"MC"	15897	9591	0	1	0	1670	0	4	0	0	0	6	0	0	0	0	2	1	0	0	0	0	0	0	0	0	0	0	16	0	0	0	0	0	0	0	0	0	0	0	0	0	0	180	0	0	0	0	96	0	0	0	0	0	0	0	0	0	0	0	0	0	0	0	0	0	0	112	0	0	27576
"165"	"EL12_098"	1	25057	31005	5948	0.192	10	"M"	"C1"	8	0.0454	1	43947314.47	7.642932341	"MC"	4711	5562	0	2	1	0	63	0	0	94	2	323	15	0	18	0	37	9288	0	0	0	0	0	0	0	0	7	182	6	3	0	0	0	0	309	0	0	0	0	75	0	0	0	101	0	5	0	0	5	17	0	0	32	0	1	0	19	0	0	0	0	0	0	0	0	0	0	4	0	0	20882
"166"	"EL12_202"	1	30079	32858	2779	0.085	23	"M"	"D1"	5	0.0319	1	2252961.347	6.352753741	"MC"	26124	1331	0	19	206	649	29	183	0	8	21	89	11	0	1	0	25	0	0	0	0	0	0	0	2	8	79	0	106	14	1	39	0	0	0	14	3	31	0	28	0	293	25	83	0	0	0	1	22	12	32	0	1	0	1	0	0	0	0	0	19	33	1	4	0	0	0	53	27	0	29628
